50
1 54321
2 125621639
3 1102607727
4 1279038226
5 1042607138
6 800191626
7 771361530
8 1325863184
9 417014620
10 622214983
11 1620105315
12 1662934847
13 1076354496
14 2117763910
15 215954571
16 536112603
17 276767531
18 654653142
19 653426790
20 971208182
21 467022237
22 1298778221
23 1181980160
24 681152272
25 1798021759
26 930280143
27 729349919
28 485207386
29 667573112
30 390921286
31 1179273039
32 2099116397
33 1590912501
34 302720195
35 769880936
36 2056106408
37 673203845
38 1196831685
39 786668838
40 1829457477
41 1197303683
42 1722921070
43 14989256
44 1953201228
45 1841395368
46 38929378
47 1916029349
48 1480005914
49 2104841928
50 1256327185
